Execution time: 0.002336 ms
------------
Initial matrix A number 0
-3.00827	-4.58327	-2.395	-6.40642	0.367751	-5.08893	-5.72553	-7.04532	-7.05763	-5.54239	
-0.308268	7.78744	6.55192	3.18213	6.27911	3.89361	0.537179	-0.146486	4.96892	2.26621	
1.51744	1.94037	10.2612	2.36756	1.18893	2.28812	3.04694	8.04912	12.2278	6.2872	
2.75941	0.989285	2.26437	6.04733	1.91101	6.7789	6.09301	6.96944	2.33518	4.28557	
4.95986	3.2323	0.866547	3.10428	10.3006	-0.749424	6.94829	3.7305	4.92265	3.27799	
-1.44882	-4.77469	-7.05738	-5.45094	-3.66605	-4.03487	-6.65998	-7.45671	-5.84963	-3.68049	
-4.25288	-1.81959	-0.45821	-8.37635	-2.42453	-0.430987	-0.537055	-2.67029	-1.80987	2.88477	
-9.13758	-8.87497	-6.62024	-4.27464	-4.40524	-3.28843	-8.5096	-8.4465	-4.2941	-6.94541	
-1.7615	-0.412829	3.17905	1.01348	-0.00331235	1.63865	1.76928	-0.0816555	1.44034	6.61614	
-10.3212	-6.89543	-14.1045	-14.1784	-12.977	-13.849	-14.1348	-12.2511	-10.3947	-8.59894	
------------
------------
Output matrix A number 0
-1.75218	6.39119	1.15645	-5.32865	7.27137	3.4154	0.864811	-1.18604	-0.703558	2.99321	
-0.296977	0.20234	-0.74033	1.00427	-1.19194	-1.44281	-2.49269	0.23989	1.57903	-0.0728601	
1.57158	-3.49054	-0.601517	2.85648	-1.58625	0.645393	-1.58487	-1.43442	-1.34736	-0.375758	
-0.208394	4.96147	-2.035	-0.143583	3.52912	5.2834	-0.802914	13.1017	7.97691	-1.04457	
-0.362909	9.25513	-2.85985	-3.06358	3.1646	1.45468	-0.0660336	1.89051	-0.81432	0.827856	
0.204445	4.67636	-0.891541	-2.21954	4.63951	1.47672	2.01875	3.97531	0.244134	0.652464	
0.430493	-3.94593	3.97651	1.70883	-2.84048	-1.82668	-0.944211	-4.17485	2.60483	0.614365	
1.36529	-2.13262	-1.98678	3.93581	-4.07021	-1.88453	2.77348	1.90911	0.281458	-2.11004	
-0.162714	-5.454	0.528863	-2.20585	0.431801	2.31387	-0.616614	0.781187	-1.26444	0.405958	
-0.792542	-0.234202	0.544564	-0.551832	0.316914	0.588839	1.40712	1.09931	0.398448	-0.626642	
------------
Execution time: 2.445280 ms
